[gd_scene load_steps=6 format=3 uid="uid://bb73o5lipkie3"]

[ext_resource type="PackedScene" uid="uid://buuufkt5bownb" path="res://scenes/player.tscn" id="1_a4e8t"]
[ext_resource type="PackedScene" uid="uid://b2i1xauufa1n1" path="res://scenes/entities/enemy1.tscn" id="3_2xw8l"]

[sub_resource type="ProceduralSkyMaterial" id="ProceduralSkyMaterial_vxaj6"]
sky_horizon_color = Color(0.64625, 0.65575, 0.67075, 1)
ground_horizon_color = Color(0.64625, 0.65575, 0.67075, 1)

[sub_resource type="Sky" id="Sky_0fb6i"]
sky_material = SubResource("ProceduralSkyMaterial_vxaj6")

[sub_resource type="Environment" id="Environment_qttgw"]
background_mode = 2
sky = SubResource("Sky_0fb6i")
tonemap_mode = 2

[node name="EnemyTest" type="Node3D"]
transform = Transform3D(1, 0, 0, 0, 1, 0, 0, 0, 1, 0.193758, 2.61031, -0.786813)

[node name="CSGBox3D" type="CSGBox3D" parent="."]
transform = Transform3D(1, 0, 0, 0, 1, 0, 0, 0, 1, 0, -3.09488, 0)
use_collision = true
size = Vector3(80, 1, 80)

[node name="CharacterBody3D" parent="." instance=ExtResource("1_a4e8t")]
transform = Transform3D(1, 0, 0, 0, 1, 0, 0, 0, 1, 0, -1.47496, 0)

[node name="WorldEnvironment" type="WorldEnvironment" parent="."]
environment = SubResource("Environment_qttgw")

[node name="Temporary wall" type="CSGBox3D" parent="." groups=["Wall"]]
transform = Transform3D(-0.00443307, 0, 0.99999, 0, 1, 0, -0.99999, 0, -0.00443307, 0, -0.458145, -16.9013)
use_collision = true
size = Vector3(1, 4.67297, 5.09619)

[node name="Node3D" type="Node3D" parent="."]

[node name="Enemy1" parent="." instance=ExtResource("3_2xw8l")]
transform = Transform3D(-0.825025, 0, 0.565097, 0, 1, 0, -0.565097, 0, -0.825025, 13.6526, -1.66663, 8.78199)

[node name="Enemy2" parent="." instance=ExtResource("3_2xw8l")]
transform = Transform3D(-0.823919, 0, -0.566708, 0, 1, 0, 0.566708, 0, -0.823919, 12.3413, -1.66663, -2.59076)

[node name="Enemy3" parent="." instance=ExtResource("3_2xw8l")]
transform = Transform3D(-0.475455, 0, 0.87974, 0, 1, 0, -0.87974, 0, -0.475455, 13.429, -1.66663, 15.2882)
